SCITE-JAVA-RESULT:-135.91543026107095
Comparing Score: 0.9907354208560758
SCITE-PLUS-RESULT:-135.91543026107095
Comparing Score: 0.9907354208560758
SCITE_RESULT: 0.9969836253950014
SCITE_RESULT: 0.9971272622809537
SCITE_RESULT: 0.9969836253950014
